{
'labels':mcc, f1, fpr, tpr,
'scores':{
'gw1':(0.0, 0.0, 0.09090909090909091, nan),
'gw2':(0.0, 0.0, 0.5294117647058824, nan),
'gw3':(0.0, 0.0, 0.42105263157894735, nan),
'gw4':(0.0, 0.0, 0.6326530612244898, nan),
'gw5':(0.0, 0.0, 0.1095890410958904, nan),
'gw6':(0.0, 0.0, 0.3902439024390244, nan),
'mw1':(0.0, 0.7368421052631579, nan, 0.5833333333333334),
'mw2':(0.0, 0.98989898989899, nan, 0.98),
'mw3':(0.0, 0.9743589743589743, nan, 0.95),
'mw4':(0.0, 0.8400000000000001, nan, 0.7241379310344828),
'mw5':(0.0, 0.7916666666666666, nan, 0.6551724137931034),
'mw6':(0.0, 0.7391304347826086, nan, 0.5862068965517241),
'mw7':(0.0, 0.8764044943820225, nan, 0.78),
'mw8':(0.0, 0.9690721649484536, nan, 0.94),
'total':(0.46540159891722604, 0.7634252539912917, 0.3633217993079585, 0.8193146417445483),
},
'passed':[],
'errors':[30, 0, 1, 0, 0, 0, 0, 0, 0, 0, 0, 0, 0, 0],
}