{
'labels':mcc, f1, fpr, tpr,
'scores':{
'gw1':(0.0, 0.0, 0.2727270247936138, 0.0),
'gw2':(0.0, 0.0, 0.41176446366796254, 0.0),
'gw3':(0.0, 0.0, 0.2631578485687985, 0.0),
'gw4':(0.0, 0.0, 0.5102039775093923, 0.0),
'gw5':(0.0, 0.0, 0.10958902608369506, 0.0),
'gw6':(0.0, 0.0, 0.012195120464009699, 0.0),
'mw1':(0.0, 0.8292682926829268, 0.0, 0.7083330381945674),
'mw2':(0.0, 0.98989898989899, 0.0, 0.9799998040000392),
'mw3':(0.0, 0.8679245283018869, 0.0, 0.7666665388889101),
'mw4':(0.0, 0.9454545454545454, 0.0, 0.8965514149822708),
'mw5':(0.0, 0.7111111111111111, 0.0, 0.5517239476813973),
'mw6':(0.0, 0.8400000000000001, 0.0, 0.724137681331834),
'mw7':(0.0, 0.888888888888889, 0.0, 0.799999840000032),
'mw8':(0.0, 0.8764044943820225, 0.0, 0.7799998440000312),
'total':(0.5865183772497073, 0.8012618296529967, 0.2041522420708567, 0.7912772339165971),
},
'passed':['mw2'],
'errors':[30, 0, 1, 0, 0, 0, 0, 0, 0, 0, 0, 0, 0, 0],
'time':0.19521993496378914,
}