{
'labels':mcc, f1, fpr, tpr,
'scores':{
'gw1':(0.0, 0.0, 0.5454540495872277, 0.0),
'gw2':(0.0, 0.0, 0.7058819377165072, 0.0),
'gw3':(0.0, 0.0, 0.456140270852584, 0.0),
'gw4':(0.0, 0.0, 0.4897958184090166, 0.0),
'gw5':(0.0, 0.0, 0.12328765434415694, 0.0),
'gw6':(0.0, 0.0, 0.0, 0.0),
'mw1':(0.0, 0.7027027027027027, 0.0, 0.5416664409723163),
'mw2':(0.0, 0.98989898989899, 0.0, 0.9799998040000392),
'mw3':(0.0, 0.8235294117647058, 0.0, 0.6999998833333527),
'mw4':(0.0, 0.7916666666666666, 0.0, 0.6551721878716593),
'mw5':(0.0, 0.6818181818181819, 0.0, 0.51724120095131),
'mw6':(0.0, 0.8163265306122449, 0.0, 0.6896549346017466),
'mw7':(0.0, 0.7654320987654321, 0.0, 0.6199998760000247),
'mw8':(0.0, 0.8505747126436781, 0.0, 0.7399998520000296),
'total':(0.43702069372959335, 0.7243589743589745, 0.2664359769399316, 0.7040498223037439),
},
'passed':['gw6', 'mw2'],
'errors':[30, 0, 1, 0, 0, 0, 0, 0, 0, 0, 0, 0, 0, 0],
'time':0.21629747797231205,
}